[Variables]
speed_e0_t0 = 7.943242000000001
speed_e0_t1 = 7943.242
speed_e0_t2 = 7943.242
speed_e0_t3 = 15.886484000000001
speed_e0_t4 = 15.886484000000001
speed_e0_t5 = 7943.242
speed_e0_t6 = 24.070430303030303
speed_e0_t7 = 7943.242
speed_e1_t0 = 7943.242
speed_e1_t1 = 7.943242000000001
speed_e1_t2 = 7943.242
speed_e1_t3 = 7943.242
speed_e1_t4 = 15.886484000000001
speed_e1_t5 = 15.886484000000001
speed_e1_t6 = 24.070430303030303
speed_e1_t7 = 39.716210000000004
speed_e2_t0 = 7943.242
speed_e2_t1 = 7943.242
speed_e2_t2 = 7.943242000000001
speed_e2_t3 = 15.886484000000001
speed_e2_t4 = 7943.242
speed_e2_t5 = 15.886484000000001
speed_e2_t6 = 24.070430303030303
speed_e2_t7 = 9.929052500000001

